18686180402
18686180403
18686180404
18686180405
18686180406
18686180407
18686180408
18686180409
18686180410
18686180411
18686180412
18686180413
18686180414
18686180415
18686180416
18686180417
18686180418
18686180419
18686180420
18686180421
18686180422
18686180423
18686180424
18686180425
18686180426
18686180427
18686180428
18686180429
18686180430
18686180431
18686180432
18686180433
18686180434
18686180435
18686180436
18686180437
18686180438
18686180439
18686180440
18686180441
18686180442
18686180443
18686180444
18686180445
18686180446
18686180447
18686180448
18686180449
18686180450
18686180451
18686180452
18686180453
18686180454
18686180455
18686180456
18686180457
18686180458
18686180459
18686180460
18686180461
18686180462
18686180463
18686180464
18686180465
18686180466
18686180467
18686180468
18686180469
18686180470
18686180471
18686180472
18686180473
18686180474
18686180475
18686180476
18686180477
18686180478
18686180479
18686180480
18686180481
18686180482
18686180483
18686180484
18686180485
18686180486
18686180487
18686180488
18686180489
18686180490
18686180491
18686180492
18686180493
18686180494
18686180495
18686180496
18686180497
18686180498
18686180499
18686180500
18686180501
18686180502
